time,left_s0,left_s1,left_e0,left_e1,left_w0,left_w1,left_w2,left_gripper,right_s0,right_s1,right_e0,right_e1,right_w0,right_w1,right_w2,right_gripper
0.507944,-0.521553467881,-0.613208819957,0.0467864140305,1.76829635323,-1.41739824801,1.14204869658,-1.67779148675,95.4471511841,0.937262261398,-0.338242763729,-0.606689401609,1.40359242092,-1.54126719663,-1.5577574901,1.8614856861,95.6381225586
0.508163,-0.521553467881,-0.613208819957,0.0467864140305,1.76829635323,-1.41739824801,1.14204869658,-1.67779148675,95.4471511841,0.937262261398,-0.338242763729,-0.606689401609,1.40359242092,-1.54126719663,-1.5577574901,1.8614856861,95.6381225586
0.518221,-0.521553467881,-0.613592315154,0.0471699092275,1.76791285804,-1.41739824801,1.14166520138,-1.67779148675,95.4471511841,0.938029251792,-0.338242763729,-0.6078398872,1.40359242092,-1.54088370143,-1.5573739949,1.86071869571,95.6381225586
0.528271,-0.521553467881,-0.61282532476,0.0467864140305,1.76752936284,-1.41739824801,1.14204869658,-1.67740799155,95.4471511841,0.937262261398,-0.338242763729,-0.6078398872,1.40320892572,-1.54165069182,-1.5577574901,1.86071869571,95.6381225586
0.538373,-0.521553467881,-0.613208819957,0.0460194236366,1.76714586764,-1.41739824801,1.14166520138,-1.67817498195,95.4471511841,0.937262261398,-0.33939324932,-0.607072896806,1.40320892572,-1.54165069182,-1.5577574901,1.8614856861,95.6381225586
0.548263,-0.521936963078,-0.613208819957,0.0467864140305,1.76714586764,-1.41663125761,1.14204869658,-1.67740799155,95.4471511841,0.937645756595,-0.339009754123,-0.607072896806,1.40282543052,-1.54165069182,-1.55814098529,1.8611021909,95.6381225586
0.558238,-0.522703953472,-0.613208819957,0.0464029188335,1.76791285804,-1.41663125761,1.14166520138,-1.67855847714,95.4471511841,0.937645756595,-0.338242763729,-0.607072896806,1.40320892572,-1.54165069182,-1.5573739949,1.8618691813,95.6381225586
0.568209,-0.521936963078,-0.61282532476,0.0464029188335,1.76676237245,-1.41701475281,1.14204869658,-1.67779148675,95.4471511841,0.937262261398,-0.338242763729,-0.606689401609,1.40359242092,-1.54165069182,-1.55890797569,1.8614856861,95.6381225586
0.578273,-0.522320458275,-0.613208819957,0.0467864140305,1.76714586764,-1.4177817432,1.14281568697,-1.67779148675,95.4471511841,0.937645756595,-0.337475773335,-0.607072896806,1.40320892572,-1.54203418702,-1.5577574901,1.8618691813,95.6381225586
0.588315,-0.521553467881,-0.613592315154,0.0464029188335,1.76714586764,-1.41624776242,1.14166520138,-1.67779148675,95.4471511841,0.937645756595,-0.338626258926,-0.607456392003,1.40320892572,-1.54165069182,-1.55814098529,1.8618691813,95.6381225586
0.598301,-0.521936963078,-0.613208819957,0.0460194236366,1.76829635323,-1.41739824801,1.14243219178,-1.67779148675,95.4471511841,0.936878766201,-0.337859268532,-0.607072896806,1.40320892572,-1.54088370143,-1.5577574901,1.8611021909,95.6381225586
0.608265,-0.521553467881,-0.613208819957,0.0471699092275,1.76752936284,-1.41701475281,1.14166520138,-1.67855847714,95.4471511841,0.937262261398,-0.337859268532,-0.607072896806,1.40282543052,-1.54203418702,-1.55852448049,1.8614856861,95.6381225586
0.618219,-0.521936963078,-0.61282532476,0.0467864140305,1.76791285804,-1.41739824801,1.14204869658,-1.67817498195,95.4471511841,0.937645756595,-0.338242763729,-0.607072896806,1.40320892572,-1.54165069182,-1.55852448049,1.8614856861,95.6381225586
0.628217,-0.521936963078,-0.613592315154,0.0467864140305,1.76829635323,-1.4181652384,1.14204869658,-1.67779148675,95.4471511841,0.938029251792,-0.338242763729,-0.607072896806,1.40282543052,-1.54165069182,-1.55852448049,1.8614856861,95.6381225586
0.638209,-0.521936963078,-0.613208819957,0.0464029188335,1.76752936284,-1.41663125761,1.14204869658,-1.67702449636,95.4471511841,0.936878766201,-0.338242763729,-0.607072896806,1.40320892572,-1.54165069182,-1.5577574901,1.86071869571,95.6381225586
0.648608,-0.522320458275,-0.613592315154,0.0467864140305,1.76752936284,-1.41701475281,1.14243219178,-1.67817498195,95.4471511841,0.937645756595,-0.338626258926,-0.606305906412,1.40359242092,-1.54165069182,-1.55852448049,1.8614856861,95.6381225586
0.658306,-0.521936963078,-0.613208819957,0.0467864140305,1.76752936284,-1.41701475281,1.14204869658,-1.67779148675,95.4471511841,0.937262261398,-0.338626258926,-0.606689401609,1.40359242092,-1.54203418702,-1.5577574901,1.8614856861,95.6381225586
0.668307,-0.521936963078,-0.613208819957,0.0464029188335,1.76791285804,-1.41701475281,1.14204869658,-1.67817498195,95.4471511841,0.938029251792,-0.338626258926,-0.607072896806,1.40359242092,-1.54126719663,-1.55852448049,1.8611021909,95.6381225586
0.678254,-0.522703953472,-0.613592315154,0.0464029188335,1.76791285804,-1.41663125761,1.14204869658,-1.67740799155,95.4471511841,0.937262261398,-0.337859268532,-0.607456392003,1.40244193532,-1.54165069182,-1.5573739949,1.8614856861,95.6381225586
0.688265,-0.521936963078,-0.613208819957,0.0464029188335,1.76829635323,-1.41701475281,1.14204869658,-1.67817498195,95.4471511841,0.936878766201,-0.339009754123,-0.6078398872,1.40282543052,-1.54165069182,-1.5569904997,1.8618691813,95.6381225586
0.698308,-0.522320458275,-0.613592315154,0.0464029188335,1.76714586764,-1.41739824801,1.14166520138,-1.67817498195,95.4471511841,0.936878766201,-0.338242763729,-0.607456392003,1.40320892572,-1.54165069182,-1.55852448049,1.8614856861,95.6381225586
0.708310,-0.522320458275,-0.61282532476,0.0475534044244,1.76676237245,-1.4177817432,1.14166520138,-1.67779148675,95.4471511841,0.937262261398,-0.338242763729,-0.606689401609,1.40320892572,-1.54126719663,-1.55814098529,1.8618691813,95.6381225586
0.718838,-0.522703953472,-0.613208819957,0.0467864140305,1.76752936284,-1.41701475281,1.14128170619,-1.67779148675,95.4471511841,0.938029251792,-0.338626258926,-0.607456392003,1.40359242092,-1.54126719663,-1.55814098529,1.8611021909,95.6381225586
0.728332,-0.522320458275,-0.61282532476,0.0460194236366,1.76714586764,-1.4177817432,1.14204869658,-1.67740799155,95.4471511841,0.936878766201,-0.337859268532,-0.6078398872,1.40320892572,-1.54126719663,-1.55814098529,1.8618691813,95.6381225586
0.738329,-0.521553467881,-0.613208819957,0.0467864140305,1.76714586764,-1.4177817432,1.14243219178,-1.67817498195,95.4471511841,0.938029251792,-0.338626258926,-0.606689401609,1.40320892572,-1.54165069182,-1.5573739949,1.8611021909,95.6381225586
0.748332,-0.522320458275,-0.612441829563,0.0467864140305,1.76791285804,-1.4181652384,1.14166520138,-1.67817498195,95.4471511841,0.937645756595,-0.338626258926,-0.607072896806,1.40397591611,-1.54165069182,-1.5577574901,1.86225267649,95.6381225586
0.758582,-0.521169972684,-0.61282532476,0.0467864140305,1.76791285804,-1.4181652384,1.14204869658,-1.67740799155,95.4471511841,0.937645756595,-0.338242763729,-0.607456392003,1.40359242092,-1.54203418702,-1.5573739949,1.8611021909,95.6381225586
0.768330,-0.522320458275,-0.613208819957,0.0467864140305,1.76714586764,-1.41663125761,1.14243219178,-1.67817498195,95.4471511841,0.937645756595,-0.338626258926,-0.607072896806,1.40282543052,-1.54203418702,-1.5577574901,1.8611021909,95.6381225586
0.778275,-0.522320458275,-0.613592315154,0.0467864140305,1.76752936284,-1.41739824801,1.14166520138,-1.67779148675,95.4471511841,0.937645756595,-0.338242763729,-0.607072896806,1.40359242092,-1.54126719663,-1.55814098529,1.86225267649,95.6381225586
0.788260,-0.522703953472,-0.613208819957,0.0467864140305,1.76752936284,-1.4177817432,1.14204869658,-1.67740799155,95.4471511841,0.936878766201,-0.338626258926,-0.607072896806,1.40359242092,-1.54126719663,-1.55852448049,1.8611021909,95.6381225586
0.798253,-0.522320458275,-0.61282532476,0.0464029188335,1.76752936284,-1.41739824801,1.14204869658,-1.67779148675,95.4471511841,0.938029251792,-0.338242763729,-0.606689401609,1.40397591611,-1.54203418702,-1.55814098529,1.8618691813,95.6381225586
0.808765,-0.521553467881,-0.613208819957,0.0464029188335,1.76714586764,-1.41701475281,1.14204869658,-1.67740799155,95.4471511841,0.938029251792,-0.338626258926,-0.607072896806,1.40282543052,-1.54203418702,-1.55814098529,1.86071869571,95.6381225586
0.818308,-0.521553467881,-0.613208819957,0.0467864140305,1.76752936284,-1.4177817432,1.14166520138,-1.67779148675,95.4471511841,0.937262261398,-0.338242763729,-0.607456392003,1.40320892572,-1.54126719663,-1.5577574901,1.8614856861,95.6381225586
0.828263,-0.521936963078,-0.613208819957,0.0467864140305,1.76714586764,-1.41701475281,1.14243219178,-1.67740799155,95.4471511841,0.938412746989,-0.338242763729,-0.606689401609,1.40320892572,-1.54203418702,-1.55814098529,1.86225267649,95.6381225586
0.838285,-0.522703953472,-0.613208819957,0.0464029188335,1.76676237245,-1.41701475281,1.14204869658,-1.67740799155,95.4471511841,0.936878766201,-0.338242763729,-0.607072896806,1.40320892572,-1.54165069182,-1.5577574901,1.86225267649,95.6381225586
0.848269,-0.521553467881,-0.613592315154,0.0464029188335,1.76676237245,-1.41739824801,1.14204869658,-1.67817498195,95.4471511841,0.937645756595,-0.338242763729,-0.6078398872,1.40320892572,-1.54165069182,-1.55814098529,1.8614856861,95.6381225586
0.858290,-0.521936963078,-0.61282532476,0.0464029188335,1.76752936284,-1.4177817432,1.14204869658,-1.67779148675,95.4471511841,0.937645756595,-0.339009754123,-0.606689401609,1.40359242092,-1.54126719663,-1.5577574901,1.86263617169,95.6381225586
0.868260,-0.521936963078,-0.613592315154,0.0464029188335,1.76714586764,-1.41624776242,1.14243219178,-1.67817498195,95.4471511841,0.937262261398,-0.338242763729,-0.6078398872,1.40320892572,-1.54126719663,-1.5577574901,1.8618691813,95.6381225586
0.878245,-0.521936963078,-0.613208819957,0.0464029188335,1.76791285804,-1.41739824801,1.14243219178,-1.67779148675,95.4471511841,0.938029251792,-0.339009754123,-0.607456392003,1.40282543052,-1.54165069182,-1.5577574901,1.8618691813,95.6381225586
0.888240,-0.521553467881,-0.612441829563,0.0464029188335,1.76676237245,-1.41739824801,1.14204869658,-1.67740799155,95.4471511841,0.937645756595,-0.337859268532,-0.607072896806,1.40320892572,-1.54126719663,-1.5577574901,1.8618691813,95.6381225586
0.898246,-0.521553467881,-0.613208819957,0.0471699092275,1.76791285804,-1.41701475281,1.14204869658,-1.67817498195,95.4471511841,0.938029251792,-0.338242763729,-0.606689401609,1.40282543052,-1.54203418702,-1.5577574901,1.8614856861,95.6381225586
0.908212,-0.522320458275,-0.61282532476,0.0464029188335,1.76714586764,-1.41739824801,1.14204869658,-1.67817498195,95.4471511841,0.937645756595,-0.337475773335,-0.606689401609,1.40282543052,-1.54203418702,-1.5569904997,1.8614856861,95.6381225586
0.918201,-0.521553467881,-0.61282532476,0.0471699092275,1.76714586764,-1.41739824801,1.14166520138,-1.67779148675,95.4471511841,0.936878766201,-0.339009754123,-0.607072896806,1.40320892572,-1.54126719663,-1.5573739949,1.8614856861,95.6381225586
0.928189,-0.522320458275,-0.613208819957,0.0464029188335,1.76791285804,-1.4177817432,1.14243219178,-1.67779148675,95.4471511841,0.938412746989,-0.338626258926,-0.606305906412,1.40282543052,-1.54165069182,-1.5573739949,1.8614856861,95.6381225586
0.938200,-0.521553467881,-0.613208819957,0.0467864140305,1.76714586764,-1.4177817432,1.14243219178,-1.67779148675,95.4471511841,0.937645756595,-0.338626258926,-0.606305906412,1.40282543052,-1.54165069182,-1.55814098529,1.8618691813,95.6381225586
0.948249,-0.521936963078,-0.613208819957,0.0467864140305,1.76791285804,-1.4177817432,1.14166520138,-1.67779148675,95.4471511841,0.937645756595,-0.338242763729,-0.607072896806,1.40320892572,-1.54241768222,-1.55852448049,1.8614856861,95.6381225586
0.958248,-0.521936963078,-0.613592315154,0.0467864140305,1.76791285804,-1.41739824801,1.14204869658,-1.67779148675,95.4471511841,0.937645756595,-0.337859268532,-0.607456392003,1.40359242092,-1.54165069182,-1.55814098529,1.8611021909,95.6381225586
0.968199,-0.521553467881,-0.613208819957,0.0467864140305,1.76791285804,-1.41663125761,1.14204869658,-1.67855847714,95.4471511841,0.938029251792,-0.338626258926,-0.607456392003,1.40320892572,-1.54165069182,-1.55852448049,1.8614856861,95.6381225586
0.978214,-0.522703953472,-0.613208819957,0.0467864140305,1.76829635323,-1.41739824801,1.14243219178,-1.67740799155,95.4471511841,0.937645756595,-0.338626258926,-0.606305906412,1.40320892572,-1.54126719663,-1.5577574901,1.8614856861,95.6381225586
0.988206,-0.521936963078,-0.613592315154,0.0467864140305,1.76752936284,-1.41663125761,1.14128170619,-1.67702449636,95.4471511841,0.937262261398,-0.338242763729,-0.607072896806,1.40359242092,-1.54165069182,-1.55814098529,1.8611021909,95.6381225586
0.998248,-0.521169972684,-0.612441829563,0.0464029188335,1.76714586764,-1.41624776242,1.14204869658,-1.67855847714,95.4471511841,0.937645756595,-0.338242763729,-0.606689401609,1.40282543052,-1.54203418702,-1.55890797569,1.8614856861,95.6381225586
1.008192,-0.521553467881,-0.613592315154,0.0464029188335,1.76714586764,-1.41701475281,1.14243219178,-1.67779148675,95.4471511841,0.937645756595,-0.337859268532,-0.606689401609,1.40282543052,-1.54165069182,-1.55814098529,1.8618691813,95.6381225586
1.018208,-0.521936963078,-0.613208819957,0.0464029188335,1.76752936284,-1.4177817432,1.14243219178,-1.67740799155,95.4471511841,0.937645756595,-0.338242763729,-0.607456392003,1.40320892572,-1.54165069182,-1.5577574901,1.8614856861,95.6381225586
1.028201,-0.521936963078,-0.613208819957,0.0471699092275,1.76791285804,-1.4181652384,1.14281568697,-1.67779148675,95.4471511841,0.938412746989,-0.338242763729,-0.607072896806,1.40282543052,-1.54203418702,-1.5573739949,1.8618691813,95.6381225586
1.038209,-0.522320458275,-0.61282532476,0.0467864140305,1.76791285804,-1.4181652384,1.14204869658,-1.67779148675,95.4471511841,0.938029251792,-0.338242763729,-0.607072896806,1.40320892572,-1.54165069182,-1.5569904997,1.8611021909,95.6381225586
1.048204,-0.522320458275,-0.61282532476,0.0471699092275,1.76829635323,-1.41624776242,1.14204869658,-1.67740799155,95.4471511841,0.937262261398,-0.338242763729,-0.606305906412,1.40282543052,-1.54203418702,-1.55814098529,1.86225267649,95.6381225586
1.058248,-0.522703953472,-0.61282532476,0.0471699092275,1.76829635323,-1.41701475281,1.14204869658,-1.67817498195,95.4471511841,0.937262261398,-0.339009754123,-0.606689401609,1.40320892572,-1.54203418702,-1.5577574901,1.8611021909,95.6381225586
1.068324,-0.521936963078,-0.61282532476,0.0464029188335,1.76791285804,-1.4177817432,1.14204869658,-1.67664100116,95.4471511841,0.938029251792,-0.338242763729,-0.607072896806,1.40359242092,-1.54126719663,-1.55814098529,1.86225267649,95.6381225586
1.078329,-0.522703953472,-0.613208819957,0.0464029188335,1.76791285804,-1.4177817432,1.14204869658,-1.67779148675,95.4471511841,0.937262261398,-0.337859268532,-0.606689401609,1.40320892572,-1.54165069182,-1.5573739949,1.8614856861,95.6381225586
1.088304,-0.521936963078,-0.612058334366,0.0467864140305,1.76752936284,-1.41663125761,1.14166520138,-1.67817498195,95.4471511841,0.937262261398,-0.337859268532,-0.607072896806,1.40320892572,-1.54165069182,-1.55814098529,1.8611021909,95.6381225586
1.098284,-0.521936963078,-0.613208819957,0.0464029188335,1.76714586764,-1.41663125761,1.14243219178,-1.67817498195,95.4471511841,0.938029251792,-0.338626258926,-0.6078398872,1.40320892572,-1.54126719663,-1.5577574901,1.8614856861,95.6381225586
1.108361,-0.522320458275,-0.612441829563,0.0471699092275,1.76676237245,-1.41701475281,1.14204869658,-1.67817498195,95.4471511841,0.937262261398,-0.339009754123,-0.607072896806,1.40320892572,-1.54203418702,-1.5577574901,1.8618691813,95.6381225586
1.118347,-0.521936963078,-0.613208819957,0.0467864140305,1.76676237245,-1.4177817432,1.14243219178,-1.67779148675,95.4471511841,0.938029251792,-0.338242763729,-0.607072896806,1.40282543052,-1.54203418702,-1.55852448049,1.8614856861,95.6381225586
1.128288,-0.521936963078,-0.613208819957,0.0471699092275,1.76791285804,-1.41701475281,1.14243219178,-1.67779148675,95.4471511841,0.937645756595,-0.337859268532,-0.606689401609,1.40359242092,-1.54126719663,-1.5577574901,1.8614856861,95.6381225586
1.138312,-0.521553467881,-0.61282532476,0.0464029188335,1.76752936284,-1.41663125761,1.14166520138,-1.67779148675,95.4471511841,0.936878766201,-0.337859268532,-0.607072896806,1.40320892572,-1.54203418702,-1.5577574901,1.8618691813,95.6381225586
1.148274,-0.521936963078,-0.613592315154,0.0464029188335,1.76791285804,-1.41663125761,1.14166520138,-1.67817498195,95.4471511841,0.937262261398,-0.337859268532,-0.606689401609,1.40282543052,-1.54203418702,-1.5573739949,1.8611021909,95.6381225586
1.159061,-0.521936963078,-0.613208819957,0.0471699092275,1.76791285804,-1.4177817432,1.14243219178,-1.67779148675,95.4471511841,0.937262261398,-0.338626258926,-0.607072896806,1.40282543052,-1.54165069182,-1.55660700451,1.8614856861,95.6381225586
1.168307,-0.521936963078,-0.613208819957,0.0467864140305,1.76752936284,-1.41739824801,1.14166520138,-1.67855847714,95.4471511841,0.937645756595,-0.337859268532,-0.607072896806,1.40320892572,-1.54203418702,-1.5577574901,1.8614856861,95.6381225586
1.178324,-0.521936963078,-0.613592315154,0.0467864140305,1.76752936284,-1.4181652384,1.14204869658,-1.67779148675,95.4471511841,0.937262261398,-0.337859268532,-0.606689401609,1.40320892572,-1.54165069182,-1.5573739949,1.8614856861,95.6381225586
1.188310,-0.521936963078,-0.613592315154,0.0464029188335,1.76791285804,-1.41701475281,1.14243219178,-1.67740799155,95.4471511841,0.937262261398,-0.338626258926,-0.607456392003,1.40397591611,-1.54126719663,-1.55814098529,1.8618691813,95.6381225586
1.198277,-0.521553467881,-0.613208819957,0.0464029188335,1.76829635323,-1.41701475281,1.14166520138,-1.67779148675,95.4471511841,0.937645756595,-0.338242763729,-0.607072896806,1.40320892572,-1.54203418702,-1.55814098529,1.8618691813,95.6381225586
1.208624,-0.522320458275,-0.613592315154,0.0464029188335,1.76714586764,-1.41701475281,1.14204869658,-1.67817498195,95.4471511841,0.938029251792,-0.337859268532,-0.607072896806,1.40320892572,-1.54165069182,-1.55814098529,1.8611021909,95.6381225586
1.218335,-0.521169972684,-0.613208819957,0.0471699092275,1.76752936284,-1.41663125761,1.14166520138,-1.67779148675,95.4471511841,0.938029251792,-0.338242763729,-0.607072896806,1.40320892572,-1.54126719663,-1.55852448049,1.8618691813,95.6381225586
1.228405,-0.521169972684,-0.613208819957,0.0471699092275,1.76752936284,-1.41663125761,1.14166520138,-1.67779148675,95.4471511841,0.938029251792,-0.338242763729,-0.607072896806,1.40320892572,-1.54126719663,-1.55852448049,1.8618691813,95.6381225586
1.238464,-0.521936963078,-0.613592315154,0.0467864140305,1.76791285804,-1.41739824801,1.14128170619,-1.67740799155,95.4471511841,0.938029251792,-0.338242763729,-0.607072896806,1.40282543052,-1.54165069182,-1.5569904997,1.86225267649,95.6381225586
1.248521,-0.521936963078,-0.613592315154,0.0467864140305,1.76714586764,-1.41701475281,1.14243219178,-1.67817498195,95.4471511841,0.938029251792,-0.337475773335,-0.607072896806,1.40244193532,-1.54126719663,-1.5573739949,1.86225267649,95.6381225586
1.258429,-0.521553467881,-0.613208819957,0.0464029188335,1.76791285804,-1.41739824801,1.14281568697,-1.67740799155,95.4471511841,0.937645756595,-0.338242763729,-0.607072896806,1.40320892572,-1.54126719663,-1.5573739949,1.8611021909,95.6381225586
1.268330,-0.521936963078,-0.61282532476,0.0471699092275,1.76752936284,-1.41586426722,1.14166520138,-1.67740799155,95.4471511841,0.937262261398,-0.338626258926,-0.607072896806,1.40282543052,-1.54165069182,-1.55852448049,1.8611021909,95.6381225586
1.278329,-0.522320458275,-0.61282532476,0.0464029188335,1.76714586764,-1.41663125761,1.14089821099,-1.67855847714,95.4471511841,0.937645756595,-0.337475773335,-0.606689401609,1.40320892572,-1.54203418702,-1.55852448049,1.8614856861,95.6381225586
1.288280,-0.521936963078,-0.61282532476,0.0456359284396,1.76752936284,-1.41663125761,1.14204869658,-1.67779148675,95.4471511841,0.937645756595,-0.337859268532,-0.607072896806,1.40320892572,-1.54203418702,-1.55814098529,1.8611021909,95.6381225586
1.298246,-0.521553467881,-0.613975810351,0.0464029188335,1.76752936284,-1.41739824801,1.14243219178,-1.67855847714,95.4471511841,0.936878766201,-0.338242763729,-0.606689401609,1.40320892572,-1.54165069182,-1.55814098529,1.86071869571,95.6381225586
1.308270,-0.522320458275,-0.61282532476,0.0464029188335,1.76752936284,-1.41663125761,1.14204869658,-1.67817498195,95.4471511841,0.937645756595,-0.337859268532,-0.607072896806,1.40359242092,-1.54165069182,-1.55814098529,1.8614856861,95.6381225586
1.318315,-0.521553467881,-0.61282532476,0.0475534044244,1.76791285804,-1.41663125761,1.14243219178,-1.67702449636,95.4471511841,0.938029251792,-0.338242763729,-0.607456392003,1.40320892572,-1.54165069182,-1.5573739949,1.8618691813,95.6381225586
1.328259,-0.521936963078,-0.613208819957,0.0467864140305,1.76714586764,-1.41701475281,1.14204869658,-1.67740799155,95.4471511841,0.937262261398,-0.337859268532,-0.606689401609,1.40320892572,-1.54203418702,-1.55814098529,1.8611021909,95.6381225586
1.338247,-0.521936963078,-0.613592315154,0.0464029188335,1.76676237245,-1.4181652384,1.14204869658,-1.67779148675,95.4471511841,0.938029251792,-0.338626258926,-0.606305906412,1.40359242092,-1.54165069182,-1.55814098529,1.86225267649,95.6381225586
1.348267,-0.521553467881,-0.613208819957,0.0475534044244,1.76714586764,-1.4181652384,1.14243219178,-1.67702449636,95.4471511841,0.937645756595,-0.338626258926,-0.607072896806,1.40320892572,-1.54126719663,-1.55814098529,1.8614856861,95.6381225586
1.358240,-0.522320458275,-0.613592315154,0.0464029188335,1.76752936284,-1.41739824801,1.14204869658,-1.67855847714,95.4471511841,0.937262261398,-0.338242763729,-0.607072896806,1.40359242092,-1.54165069182,-1.55814098529,1.8611021909,95.6381225586
1.368288,-0.521936963078,-0.613592315154,0.0471699092275,1.76752936284,-1.4177817432,1.14204869658,-1.67817498195,95.4471511841,0.937262261398,-0.338626258926,-0.607072896806,1.40359242092,-1.54126719663,-1.5577574901,1.8611021909,95.6381225586
1.378216,-0.521936963078,-0.613208819957,0.0464029188335,1.76714586764,-1.41701475281,1.14204869658,-1.67779148675,95.4471511841,0.937645756595,-0.337859268532,-0.607072896806,1.40282543052,-1.54165069182,-1.5577574901,1.8614856861,95.6381225586
1.388280,-0.521553467881,-0.613208819957,0.0460194236366,1.76676237245,-1.41739824801,1.14204869658,-1.67817498195,95.4471511841,0.938029251792,-0.337859268532,-0.607072896806,1.40359242092,-1.54165069182,-1.5577574901,1.8614856861,95.6381225586
1.398260,-0.521936963078,-0.613208819957,0.0467864140305,1.76791285804,-1.41739824801,1.14204869658,-1.67779148675,95.4471511841,0.937262261398,-0.338626258926,-0.607456392003,1.40359242092,-1.54088370143,-1.55814098529,1.86071869571,95.6381225586
1.408219,-0.521936963078,-0.613592315154,0.0467864140305,1.76791285804,-1.41739824801,1.14281568697,-1.67779148675,95.4471511841,0.938029251792,-0.337859268532,-0.606689401609,1.40320892572,-1.54203418702,-1.5577574901,1.8614856861,95.6381225586
1.418220,-0.521936963078,-0.613592315154,0.0460194236366,1.76752936284,-1.4177817432,1.14204869658,-1.67702449636,95.4471511841,0.936878766201,-0.338242763729,-0.606689401609,1.40320892572,-1.54203418702,-1.55852448049,1.8611021909,95.6381225586
1.428268,-0.521553467881,-0.613592315154,0.0460194236366,1.76791285804,-1.41663125761,1.14204869658,-1.67779148675,95.4471511841,0.937262261398,-0.338242763729,-0.606689401609,1.40359242092,-1.54203418702,-1.55814098529,1.8614856861,95.6381225586
1.438313,-0.521169972684,-0.613592315154,0.0471699092275,1.76867984843,-1.41701475281,1.14243219178,-1.67779148675,95.4471511841,0.937645756595,-0.338242763729,-0.606305906412,1.40282543052,-1.54165069182,-1.5577574901,1.8611021909,95.6381225586
1.448254,-0.521169972684,-0.613208819957,0.0467864140305,1.76752936284,-1.41739824801,1.14243219178,-1.67779148675,95.4471511841,0.938029251792,-0.338242763729,-0.607072896806,1.40282543052,-1.54165069182,-1.55890797569,1.8618691813,95.6381225586
1.458261,-0.521553467881,-0.613208819957,0.0460194236366,1.76752936284,-1.41663125761,1.14166520138,-1.67702449636,95.4471511841,0.938029251792,-0.338242763729,-0.607072896806,1.40320892572,-1.54203418702,-1.5577574901,1.8614856861,95.6381225586
1.468229,-0.522320458275,-0.613592315154,0.0464029188335,1.76752936284,-1.41701475281,1.14204869658,-1.67740799155,95.4471511841,0.938029251792,-0.338242763729,-0.607072896806,1.40320892572,-1.54165069182,-1.5573739949,1.8614856861,95.6381225586
1.478207,-0.521553467881,-0.613208819957,0.0456359284396,1.76714586764,-1.41701475281,1.14243219178,-1.67779148675,95.4471511841,0.938029251792,-0.338242763729,-0.606689401609,1.40320892572,-1.54126719663,-1.55814098529,1.8614856861,95.6381225586
1.488285,-0.521553467881,-0.613208819957,0.0464029188335,1.76714586764,-1.41739824801,1.14204869658,-1.67779148675,95.4471511841,0.937262261398,-0.338626258926,-0.607456392003,1.40320892572,-1.54126719663,-1.55814098529,1.8611021909,95.6381225586
1.498369,-0.521553467881,-0.61282532476,0.0467864140305,1.76714586764,-1.41509727682,1.14128170619,-1.67855847714,95.4471511841,0.937645756595,-0.338242763729,-0.607456392003,1.40282543052,-1.54203418702,-1.5573739949,1.8618691813,95.6381225586
1.508312,-0.521936963078,-0.61282532476,0.0471699092275,1.76714586764,-1.41586426722,1.14166520138,-1.67855847714,95.4471511841,0.936878766201,-0.338626258926,-0.607072896806,1.40320892572,-1.54165069182,-1.5573739949,1.86225267649,95.6381225586
1.518281,-0.521169972684,-0.613592315154,0.0467864140305,1.76752936284,-1.41548077202,1.14166520138,-1.67779148675,95.4471511841,0.938029251792,-0.337859268532,-0.607072896806,1.40282543052,-1.54165069182,-1.5577574901,1.8614856861,95.6381225586
1.528283,-0.522320458275,-0.613208819957,0.0464029188335,1.76714586764,-1.41509727682,1.14243219178,-1.67779148675,95.4471511841,0.937645756595,-0.338626258926,-0.607072896806,1.40282543052,-1.54165069182,-1.55814098529,1.8611021909,95.6381225586
1.538284,-0.522703953472,-0.613592315154,0.0467864140305,1.76714586764,-1.41471378163,1.14204869658,-1.67817498195,95.4471511841,0.937645756595,-0.337859268532,-0.606689401609,1.40359242092,-1.54165069182,-1.5573739949,1.8618691813,95.6381225586
1.548256,-0.522320458275,-0.613592315154,0.0471699092275,1.76752936284,-1.41509727682,1.14166520138,-1.67779148675,95.4471511841,0.937262261398,-0.337859268532,-0.606305906412,1.40320892572,-1.54203418702,-1.55852448049,1.8618691813,95.6381225586
1.558345,-0.521936963078,-0.61282532476,0.0464029188335,1.76714586764,-1.41548077202,1.14204869658,-1.67740799155,95.4471511841,0.937645756595,-0.337859268532,-0.606689401609,1.40282543052,-1.54126719663,-1.55852448049,1.8614856861,95.6381225586
1.568305,-0.522320458275,-0.61282532476,0.0460194236366,1.76791285804,-1.41548077202,1.14166520138,-1.67779148675,95.4471511841,0.937262261398,-0.338242763729,-0.607072896806,1.40397591611,-1.54203418702,-1.5577574901,1.8614856861,95.6381225586
1.578293,-0.521553467881,-0.613208819957,0.0467864140305,1.76752936284,-1.41509727682,1.14204869658,-1.67817498195,95.4471511841,0.937645756595,-0.337859268532,-0.607456392003,1.40359242092,-1.54165069182,-1.5577574901,1.8618691813,95.6381225586
1.588292,-0.521936963078,-0.613592315154,0.0460194236366,1.76829635323,-1.41509727682,1.14204869658,-1.67779148675,95.4471511841,0.938029251792,-0.338242763729,-0.606689401609,1.40320892572,-1.54165069182,-1.55814098529,1.86071869571,95.6381225586
1.598300,-0.521553467881,-0.613592315154,0.0460194236366,1.76791285804,-1.41548077202,1.14204869658,-1.67779148675,95.4471511841,0.938029251792,-0.338242763729,-0.606689401609,1.40320892572,-1.54165069182,-1.5573739949,1.8611021909,95.6381225586
1.608311,-0.521936963078,-0.613208819957,0.0464029188335,1.76752936284,-1.41471378163,1.14204869658,-1.67702449636,95.4471511841,0.937645756595,-0.337859268532,-0.606689401609,1.40282543052,-1.54203418702,-1.5577574901,1.8614856861,95.6381225586
1.618321,-0.521553467881,-0.613208819957,0.0460194236366,1.76791285804,-1.41548077202,1.14243219178,-1.67664100116,95.4471511841,0.936878766201,-0.338626258926,-0.607072896806,1.40359242092,-1.54165069182,-1.55852448049,1.8614856861,95.6381225586
1.628510,-0.521553467881,-0.613592315154,0.0467864140305,1.76676237245,-1.41433028643,1.14204869658,-1.67740799155,95.4471511841,0.937645756595,-0.337859268532,-0.607456392003,1.40282543052,-1.54088370143,-1.55814098529,1.8618691813,95.6381225586
1.638370,-0.521936963078,-0.613208819957,0.0464029188335,1.76752936284,-1.41509727682,1.14204869658,-1.67740799155,95.4471511841,0.937262261398,-0.338242763729,-0.606689401609,1.40282543052,-1.54165069182,-1.5577574901,1.8611021909,95.6381225586
1.648311,-0.521936963078,-0.61282532476,0.0464029188335,1.76791285804,-1.41433028643,1.14204869658,-1.67779148675,95.4471511841,0.937645756595,-0.338242763729,-0.607072896806,1.40359242092,-1.54165069182,-1.5577574901,1.8614856861,95.6381225586
1.658325,-0.521553467881,-0.613208819957,0.0464029188335,1.76752936284,-1.41509727682,1.14204869658,-1.67779148675,95.4471511841,0.937262261398,-0.337859268532,-0.607456392003,1.40359242092,-1.54165069182,-1.55814098529,1.86071869571,95.6381225586
1.668307,-0.522320458275,-0.613208819957,0.0475534044244,1.76714586764,-1.41548077202,1.14243219178,-1.67779148675,95.4471511841,0.937262261398,-0.337859268532,-0.606689401609,1.40282543052,-1.54165069182,-1.55852448049,1.8611021909,95.6381225586
1.678302,-0.521169972684,-0.613208819957,0.0464029188335,1.76676237245,-1.41509727682,1.14128170619,-1.67740799155,95.4471511841,0.938029251792,-0.338242763729,-0.606689401609,1.40320892572,-1.54203418702,-1.55814098529,1.8614856861,95.6381225586
1.688312,-0.522320458275,-0.613208819957,0.0460194236366,1.76676237245,-1.41548077202,1.14166520138,-1.67740799155,95.4471511841,0.937645756595,-0.337475773335,-0.606689401609,1.40282543052,-1.54088370143,-1.5577574901,1.8618691813,95.6381225586
1.698328,-0.522703953472,-0.613592315154,0.0467864140305,1.76676237245,-1.41548077202,1.14204869658,-1.67817498195,95.4471511841,0.937645756595,-0.337475773335,-0.607072896806,1.40320892572,-1.54165069182,-1.5577574901,1.86071869571,95.6381225586
1.708328,-0.522320458275,-0.613592315154,0.0460194236366,1.76752936284,-1.41586426722,1.14166520138,-1.67817498195,95.4471511841,0.937262261398,-0.338626258926,-0.607072896806,1.40282543052,-1.54165069182,-1.55852448049,1.8618691813,95.6381225586
1.718295,-0.521936963078,-0.613208819957,0.0467864140305,1.76791285804,-1.41509727682,1.14243219178,-1.67740799155,95.4471511841,0.937645756595,-0.338242763729,-0.607072896806,1.40359242092,-1.54165069182,-1.5577574901,1.8618691813,95.6381225586
1.728359,-0.521936963078,-0.613208819957,0.0467864140305,1.76714586764,-1.41509727682,1.14243219178,-1.67740799155,95.4471511841,0.937645756595,-0.338242763729,-0.607072896806,1.40359242092,-1.54165069182,-1.5577574901,1.8618691813,95.6381225586
1.738328,-0.522320458275,-0.613208819957,0.0464029188335,1.76714586764,-1.41548077202,1.14166520138,-1.67779148675,95.4471511841,0.937645756595,-0.339009754123,-0.607072896806,1.40320892572,-1.54088370143,-1.55852448049,1.8618691813,95.6381225586
1.748290,-0.522703953472,-0.61282532476,0.0464029188335,1.76714586764,-1.41509727682,1.14166520138,-1.67740799155,95.4471511841,0.937262261398,-0.338242763729,-0.607072896806,1.40282543052,-1.54165069182,-1.55890797569,1.8611021909,95.6381225586
